    0.4316     0.3439     0.3122     0.1208          0          0          0    0.03176      1.464     0.8322
     0.661     0.6417     0.6514       0.35          0          0          0    0.04753       1.84       0.61
    0.7803     0.8056     0.8384     0.5828          0          0          0    0.07158      3.071     0.6031
    0.8349     0.8886     0.9164     0.7435          0          0          0     0.1035      4.389       0.51
    0.8631     0.9208     0.9419     0.8125          0          0          0     0.1463      6.547     0.4088
    0.8815     0.9317     0.9546     0.8338          0          0          0      0.193      9.144     0.4076
    0.8913     0.9386     0.9597     0.8553          0          0          0     0.2727      12.38     0.4111
    0.8932     0.9411     0.9597     0.8587          0          0          0     0.3418      15.93     0.4019
    0.8969      0.944     0.9596     0.8564          0          0          0     0.4208      20.18     0.4069
    0.9005     0.9441     0.9594     0.8514          0          0          0     0.5201      24.99     0.4155
    0.9014     0.9439     0.9604     0.8435          0          0          0     0.6005      29.94     0.4082
